<?xml version="1.0"?>
<opencv_storage>
<eigenVectArr type_id="opencv-matrix">
  <rows>1</rows>
  <cols>49</cols>
  <dt>f</dt>
  <data>
    1.70391858e-01 1.56197801e-01 1.03232346e-01 7.42513016e-02
    5.60322106e-02 4.95165512e-02 3.66841406e-02 3.07877138e-02
    2.46738214e-02 2.11303942e-02 1.81576516e-02 1.75960418e-02
    1.71751063e-02 1.66843310e-02 1.46566443e-02 1.35465432e-02
    1.29797487e-02 1.13127856e-02 1.11586219e-02 1.00161498e-02
    8.93742498e-03 8.56183283e-03 7.82144442e-03 7.33722188e-03
    6.89426903e-03 6.54840097e-03 6.13558199e-03 5.98588865e-03
    5.92468167e-03 5.62768988e-03 5.30330325e-03 5.25774388e-03
    4.63231700e-03 4.46016761e-03 4.41324431e-03 3.99726769e-03
    3.79729597e-03 3.52542778e-03 3.40806833e-03 3.31525551e-03
    3.04484647e-03 2.91997567e-03 2.89043365e-03 2.70032114e-03
    2.60283425e-03 2.27010134e-03 2.18445226e-03 1.96962245e-03
    1.35113311e-03</data></eigenVectArr>
</opencv_storage>
