<?xml version="1.0"?>
<opencv_storage>
<eigenVectArr type_id="opencv-matrix">
  <rows>1</rows>
  <cols>49</cols>
  <dt>f</dt>
  <data>
    1.70391813e-01 1.56197816e-01 1.03232346e-01 7.42513016e-02
    5.60322069e-02 4.95165661e-02 3.66841406e-02 3.07877026e-02
    2.46738214e-02 2.11303923e-02 1.81576442e-02 1.75960269e-02
    1.71751119e-02 1.66843403e-02 1.46566490e-02 1.35465469e-02
    1.29797477e-02 1.13127874e-02 1.11586135e-02 1.00161489e-02
    8.93742498e-03 8.56182911e-03 7.82144256e-03 7.33722793e-03
    6.89427182e-03 6.54840097e-03 6.13557966e-03 5.98588679e-03
    5.92467794e-03 5.62768569e-03 5.30330092e-03 5.25774388e-03
    4.63231700e-03 4.46016900e-03 4.41324711e-03 3.99726862e-03
    3.79729434e-03 3.52542521e-03 3.40807182e-03 3.31525411e-03
    3.04484926e-03 2.91997613e-03 2.89043272e-03 2.70032161e-03
    2.60283612e-03 2.27010297e-03 2.18445063e-03 1.96962245e-03
    1.35113334e-03</data></eigenVectArr>
</opencv_storage>
