<?xml version="1.0"?>
<opencv_storage>
<projectedTrainFaceMat type_id="opencv-matrix">
  <rows>50</rows>
  <cols>49</cols>
  <dt>f</dt>
  <data>
    9.74799866e+02 1.27452661e+03 2.67935522e+03 1.72833972e+03
    1.61290088e+03 2.57326508e+02 3.46974396e+02 5.97156982e+02
    -7.22328003e+02 4.19749420e+02 -1.09058447e+03 -3.71915100e+02
    -2.67556244e+02 -6.86706360e+02 -1.79180801e+02 -5.58870605e+02
    -2.95256683e+02 -6.23986938e+02 6.80506653e+02 -2.44689713e+02
    4.79199860e+02 6.63286304e+00 2.55047989e+02 3.74793854e+02
    -9.82575012e+02 4.12544067e+02 -7.91642273e+02 -1.92807297e+02
    -1.09201302e+02 -1.60536118e+02 4.79860725e+01 9.23164597e+01
    4.11431946e+02 -3.53400269e+02 -2.21981979e+02 5.01578949e+02
    -1.75605911e+02 -7.02348328e+02 -2.28893967e+02 4.23165359e+01
    -8.99470459e+02 -5.29712097e+02 -2.77241516e+02 -1.58855591e+02
    3.19255371e+02 -5.58884949e+02 -3.15853638e+02 -7.92091846e+00
    4.25132256e+01 2.57142212e+03 1.22723889e+03 2.43748096e+03
    7.33668030e+02 9.49095688e+01 -8.86014099e+02 -5.38877220e+01
    6.07392700e+02 -3.74479294e+01 1.43955469e+03 3.64771667e+02
    4.13655426e+02 -1.15913269e+03 -7.85991455e+02 -4.41537659e+02
    -7.74750977e+02 2.77202423e+02 7.56166153e+01 -5.59990662e+02
    -6.65756760e+01 8.16045410e+02 8.94409424e+02 -1.73636688e+02
    -1.34058533e+03 3.63294556e+02 1.98913269e+02 1.19105005e+03
    -2.85192444e+02 4.54558167e+02 -1.85164749e+02 -2.26575607e+02
    5.61388702e+01 -3.33500519e+02 -6.07210388e+02 -2.52936066e+02
    3.65041412e+02 -4.88268585e+02 4.67364159e+01 5.74543762e+02
    -2.61737457e+02 2.21982819e+02 2.91013489e+02 -3.47636070e+01
    3.73609863e+02 2.25654129e+02 -2.84948151e+02 -1.16111824e+02
    -3.51030660e+00 -4.18122749e+01 -8.51012512e+02 -1.72225720e+03
    1.03117651e+03 2.34314722e+03 -5.33065247e+02 -3.27564209e+02
    8.47168945e+02 -3.99871887e+02 -2.58551117e+02 -1.13993921e+03
    4.59035072e+01 1.87417749e+03 -6.06998169e+02 -5.31015015e+02
    -9.13891602e+02 -9.41279068e+01 -8.67132568e+02 1.11297737e+02
    7.62718430e+01 -5.70631180e+01 -1.17358528e+02 -3.43694458e+02
    -4.30564575e+02 4.82375793e+02 2.38045349e+02 1.94031845e+02
    1.62890961e+02 2.80008335e+01 -5.94032776e+02 -9.02959824e+01
    4.31378510e+02 5.14834290e+02 -8.11561279e+01 1.54433975e+02
    2.76763275e+02 -1.73159225e+02 -2.23651047e+02 -1.43264786e+02
    1.38257408e+01 -2.35686371e+02 3.11654144e+02 2.26801834e+02
    -2.76007568e+02 -2.21393372e+02 -7.23133621e+01 -2.93186005e+02
    1.66608246e+02 1.15657080e+03 1.14470261e+02 1.30447778e+03
    -3.35063446e+02 2.46483618e+03 2.77812817e+03 1.07354321e+03
    5.35856018e+02 -2.74026489e+02 2.16374710e+02 -1.98111221e+02
    6.90598877e+02 1.48998978e+02 -7.04601685e+02 1.70429779e+02
    -1.95350464e+02 -8.46775436e+01 8.52582825e+02 -5.76884888e+02
    6.46264038e+02 2.85643402e+02 4.60829865e+02 -8.44512878e+02
    -4.26142212e+02 -3.32029510e+02 -4.25449036e+02 -1.23843758e+02
    -9.13418198e+01 -4.60792206e+02 1.36626465e+02 1.68162888e+02
    -1.46185974e+02 -3.11488892e+02 7.90297365e+00 -9.38166687e+02
    2.01806000e+02 6.59846313e+02 2.91033726e+01 1.11684387e+03
    3.38052979e+02 8.92989746e+02 1.40547806e+02 5.04284859e+01
    -2.89736633e+02 4.26012299e+02 -1.43744873e+02 1.75332260e+02
    -2.69205414e+02 -2.78383087e+02 6.48369904e+01 6.90338364e+01
    2.42593237e+03 -2.60780615e+03 1.27471484e+03 2.95512268e+02
    -3.17560913e+02 -9.26530361e+00 -5.72765930e+02 -7.24469666e+02
    -2.47384293e+02 1.99023270e+02 -2.59987221e+01 7.76210449e+02
    -4.04057343e+02 -6.86848328e+02 1.79575562e+02 -8.79864502e+02
    7.22038940e+02 4.06368958e+02 4.54136696e+01 1.84230484e+02
    9.74470459e+02 -2.65719421e+02 9.17014954e+02 -5.94347900e+02
    6.33331360e+02 -9.57778992e+02 -4.91620605e+02 1.00622337e+02
    3.71793884e+02 -5.07543030e+02 2.38125198e+02 1.91594181e+01
    2.66130157e+02 -5.27651550e+02 4.99736938e+02 -5.32182007e+02
    1.05320711e+01 3.35888977e+02 -5.62147583e+02 1.77041306e+02
    -2.75959900e+02 -4.31934113e+02 8.03730591e+02 -4.60536743e+02
    -9.67357330e+01 1.44873184e+02 2.94571350e+02 1.30494873e+02
    1.06096344e+01 -1.03327087e+03 -2.62462451e+03 7.65933533e+02
    1.52718262e+03 -1.11051782e+03 -2.98678589e+02 -7.82271194e+01
    8.76468628e+02 -3.86085510e+02 -1.54713770e+03 -4.93784088e+02
    1.48008936e+03 -4.40393585e+02 -5.31531067e+02 -8.13116577e+02
    1.66247299e+02 -9.21194214e+02 -1.70544052e+02 -5.74117798e+02
    2.76415314e+02 -6.05744751e+02 7.94456726e+02 -2.76813751e+02
    1.09786552e+02 6.02240601e+02 1.79545792e+02 -2.01992996e+02
    -3.64919525e+02 -2.15110962e+02 1.77995255e+02 -2.66868530e+02
    -1.03833015e+02 2.25568619e+02 -3.65254395e+02 -2.62259460e+02
    -4.57783020e+02 2.02335129e+02 6.70223694e+01 -3.64442963e+02
    4.21704498e+02 1.84398560e+02 -4.12649597e+02 1.48252136e+02
    5.51465820e+02 -5.22271973e+02 -6.71473694e+01 -6.50793335e+02
    -5.87232117e+02 -6.49914398e+01 7.79639954e+02 1.00651636e+03
    1.91356921e+03 2.53478857e+03 1.77908398e+03 -3.65500488e+01
    5.81642700e+02 3.20861969e+02 -5.97989380e+02 2.25156799e+02
    -3.52454834e+02 -1.12220166e+03 1.64815353e+02 -7.50729553e+02
    1.44858795e+02 -5.03735474e+02 2.50013275e+02 -9.40973999e+02
    9.45255371e+02 -2.32052109e+02 -5.16176575e+02 5.34836655e+01
    4.68533447e+02 7.68156662e+01 -4.53935623e+01 -3.38432281e+02
    -7.49373108e+02 2.95668945e+02 -2.06802368e+01 -1.61447067e+02
    -7.85127930e+02 -3.47477570e+02 6.43096985e+02 -2.25329025e+02
    -6.25370422e+02 1.85296921e+02 -4.92267723e+01 3.27265656e+02
    1.80527740e+02 4.70161591e+01 7.85991699e+02 4.00400848e+02
    -3.29977951e+01 2.89389709e+02 -4.98887817e+02 5.85536682e+02
    1.84311539e+02 3.40011414e+02 -4.20730171e+01 1.47321484e+03
    -4.52098206e+02 2.51083984e+03 2.18985132e+03 1.00528107e+03
    4.32174561e+02 3.22186981e+02 -7.42898865e+01 1.63208801e+02
    1.27989783e+03 2.17862045e+02 -1.54066986e+02 3.40651642e+02
    -5.63969116e+02 2.11969055e+02 6.75394348e+02 -1.29040939e+02
    -6.50928879e+01 -3.16563354e+02 2.57749268e+02 3.16866821e+02
    -1.03628418e+03 -3.08875397e+02 7.01728088e+02 -3.79057068e+02
    2.70589905e+02 1.94324417e+02 -1.14073950e+03 -3.83582077e+01
    2.94212982e+02 1.50885712e+02 -1.57468201e+02 -9.77314331e+02
    -3.23755341e+02 -3.20439453e+02 -7.64635620e+02 -6.03751259e+01
    -2.13720673e+02 -7.78105713e+02 8.04458313e+01 1.10177719e+02
    6.15155762e+02 -2.83064499e+01 -1.70203953e+01 7.22686768e+01
    2.24606735e+02 3.74706329e+02 -3.39674774e+02 -3.60118752e+01
    -1.79312512e+03 3.83179413e+02 1.21183069e+03 3.26641772e+03
    6.25895042e+01 -7.43396606e+02 -9.27910690e+01 -6.06773499e+02
    -9.59373856e+01 -1.21209705e+03 -2.18737061e+02 -4.49662231e+02
    -1.04907922e+03 -3.19481171e+02 -9.95399094e+00 6.88901733e+02
    -7.96502075e+02 2.45153503e+02 -4.56752991e+02 4.26627838e+02
    -7.73911194e+02 1.88751389e+02 1.08448570e+02 -1.10429558e+02
    4.04487030e+02 2.09005707e+02 4.04665710e+02 2.70807343e+02
    -2.45038177e+02 -5.47952209e+02 -2.01470032e+02 4.56906921e+02
    6.66321777e+02 2.09370316e+02 2.43715393e+02 2.49431595e+02
    -2.85158936e+02 7.87041168e+01 1.61117599e+02 -3.32041443e+02
    -4.48536865e+02 1.63357010e+02 -1.18726440e+02 -4.25404877e+02
    5.14026611e+02 4.88322388e+02 6.54447571e+02 -6.47506897e+02
    -2.60824814e+01 2.14305054e+03 -1.42318835e+03 1.42651025e+03
    1.59569531e+03 7.10147461e+02 8.00656616e+02 4.85493011e+02
    -3.96962067e+02 8.80943115e+02 1.49423987e+03 8.05143311e+02
    9.80833740e+02 6.98456055e+02 -1.21440308e+03 5.72246155e+02
    -7.00470642e+02 9.87722412e+02 -1.99297699e+02 -3.98936859e+02
    2.64637665e+02 -7.54266968e+02 2.28485336e+02 -1.65881897e+02
    3.44346741e+02 -2.56496033e+02 -7.35823853e+02 7.72075500e+02
    6.12250122e+02 -5.59236206e+02 1.25216125e+03 2.21803848e+02
    -3.88894592e+02 3.36644531e+02 7.67494263e+02 4.26441559e+02
