<?xml version="1.0"?>
<opencv_storage>
<projectedTrainFaceMat type_id="opencv-matrix">
  <rows>50</rows>
  <cols>49</cols>
  <dt>f</dt>
  <data>
    -1.44771973e+03 3.96767041e+03 3.81652124e+03 7.71285339e+02
    -7.06725998e+01 1.50283737e+02 1.58833145e+02 1.04314929e+03
    -5.57959351e+02 5.96266174e+02 -4.18244598e+02 -2.86644501e+02
    -8.54383972e+02 -4.14712601e+01 2.71037750e+02 -3.20081146e+02
    -2.82300720e+02 -7.81350952e+02 7.64761230e+02 2.34137665e+02
    4.50746346e+01 -5.15176453e+02 -2.30706879e+02 -1.16056610e+02
    6.61994019e+01 3.38976562e+02 -1.73350861e+02 -1.54522812e+02
    5.29096313e+02 -3.10463654e+02 7.40964661e+02 2.11108704e+02
    -4.65106964e+01 7.02291199e+02 2.41103195e+02 -7.88806763e+01
    -5.26803589e+02 -3.51299347e+02 -5.52999634e+02 -2.57441772e+02
    7.03856628e+02 1.57814255e+02 1.57944565e+02 1.40915421e+02
    7.70055847e+02 5.37999329e+02 -2.60553589e+02 -2.00409302e+02
    -4.08297882e+01 -1.34894128e+03 4.15138672e+03 3.94621021e+03
    2.72074280e+02 3.21023804e+02 8.35539627e+01 -3.08825550e+01
    1.07481348e+03 -8.77494080e+02 1.66582794e+02 -1.07058557e+03
    5.63201332e+01 -1.02790930e+03 -7.35266113e+02 5.82699341e+02
    -6.24169922e+02 -5.57041397e+01 -7.28879700e+02 2.95247650e+02
    -3.42412148e+01 -6.52500992e+01 -4.91087097e+02 -6.07158691e+02
    1.31026505e+02 -2.79005920e+02 4.73815880e+01 3.56557831e+02
    8.90592728e+01 1.21050598e+03 1.94301033e+01 1.80111862e+02
    1.30116348e+02 -2.09502583e+01 -2.54435135e+02 -2.02098480e+02
    4.76863220e+02 6.22128296e+01 1.16110947e+02 1.80160919e+02
    3.96056091e+02 -7.84020264e+02 9.06524048e+01 -2.19341980e+02
    -2.84638519e+02 -7.58646606e+02 -4.20478912e+02 1.34492188e+02
    1.91520721e+02 2.49492741e+01 -1.91388318e+03 4.59996094e+03
    2.92104956e+03 7.96337402e+02 -8.70440857e+02 4.19792877e+02
    7.59279358e+02 8.51436584e+02 9.71512939e+02 1.07432648e+02
    4.44108551e+02 -6.75487549e+02 9.55375549e+02 5.62409546e+02
    -7.47575256e+02 1.10019543e+03 -2.08861176e+02 1.63369827e+02
    6.63336670e+02 9.40646240e+02 2.69106384e+02 9.28446579e+01
    4.75290710e+02 -2.19081757e+02 1.34175195e+03 -1.27572131e+03
    1.89634308e+02 -2.12944214e+02 -7.06497437e+02 2.48466522e+02
    2.49052181e+01 -1.49630920e+02 8.83213379e+02 3.06726013e+02
    -1.90141891e+02 1.06456306e+02 -2.45792206e+02 3.70817932e+02
    3.65259552e+01 7.51484299e+01 -2.08757858e+02 4.36136208e+01
    9.59730225e+01 -1.65062675e+01 -2.88191345e+02 -8.44318619e+01
    1.70189533e+01 -1.12849098e+02 6.48593950e+00 1.03128149e+03
    -1.18148285e+02 2.65348291e+03 1.46190222e+03 -1.49646805e+02
    9.19426918e+00 -5.61442909e+01 -1.90126221e+03 2.09603027e+02
    -1.92837860e+02 1.56717957e+03 -1.08166455e+03 -2.53110809e+02
    5.77508728e+02 9.08734863e+02 -1.53607605e+03 1.06810278e+03
    -5.51866150e+01 -1.43188586e+03 4.01174889e+01 -1.11870154e+03
    -1.93387283e+02 1.03647058e+03 -6.56323547e+01 2.13517334e+02
    5.72016541e+02 1.75121124e+02 1.72437515e+01 -4.13215881e+02
    -2.90327942e+02 3.15295776e+02 -3.94639893e+02 2.43800888e+01
    5.78531128e+02 -6.48727356e+02 3.43506317e+02 -1.61181000e+02
    6.93475676e+00 -1.51669968e+02 1.26308029e+02 1.77815247e+02
    5.43144226e+01 -2.32697021e+02 4.66793365e+01 -3.52192200e+02
    3.13440552e+01 8.19271393e+01 1.28176254e+02 1.18288934e+00
    -2.91737549e+03 1.46374054e+02 2.35659741e+03 1.24171875e+03
    -4.45464050e+02 -2.74604797e+02 1.17809607e+03 -1.87211685e+02
    -5.54727173e+01 -2.13005875e+02 1.69463928e+03 4.20926849e+02
    9.11859207e+01 -5.97996277e+02 -1.32941254e+02 1.17285498e+03
    2.91379425e+02 5.40712708e+02 -1.42343094e+02 -4.88737396e+02
    1.31062793e+03 2.51446381e+02 1.08349213e+02 -7.39981689e+02
    -1.08062231e+03 5.63855225e+02 8.56289490e+02 -2.28064758e+02
    1.73396271e+02 8.15982117e+02 4.09177734e+02 -4.53755798e+02
    1.41433975e+02 -2.44088882e+02 2.23405170e+01 -5.55635376e+02
    3.27802795e+02 -2.13691921e+01 -4.87575165e+02 -6.14223557e+01
    -1.19551110e+00 -1.03936302e+02 -5.01257263e+02 3.74637695e+02
    -1.48512253e+02 1.41988754e+02 1.91733799e+01 7.45180588e+01
    6.04256477e+01 3.11612158e+03 -1.81497632e+03 7.66240540e+02
    1.08645801e+03 -1.83563318e+03 -2.35959595e+02 -4.47591309e+02
    5.21797791e+02 2.84137939e+02 -4.78935455e+02 1.55463913e+02
    -7.69894409e+02 1.39124155e+01 1.95836029e+02 -1.25819191e+02
    -3.95052917e+02 5.80886780e+02 -3.56903503e+02 -8.81571167e+02
    -4.63204010e+02 1.27400696e+03 9.41072083e+02 1.00150192e+02
    -5.98292389e+01 8.27874207e+02 -1.79215164e+02 -4.09238068e+02
    -8.40448380e+01 4.94981201e+02 -4.94881348e+02 -1.03049736e+02
    1.66849075e+02 4.27795067e+01 3.08618851e+01 3.06185333e+02
    -6.43686218e+02 -1.64410248e+02 -4.20898224e+02 -4.08303619e+02
    -1.88507263e+02 -7.74944092e+02 2.12421436e+01 3.87037926e+01
    -5.90624390e+02 3.81403412e+02 3.89610176e+01 1.23271950e+02
    5.98484314e+02 -6.88266068e+01 1.55764475e+01 4.41547217e+03
    3.77593726e+03 7.15356934e+02 -2.71045704e+01 1.02253003e+03
    3.22959137e+02 3.60626831e+02 -1.04207573e+02 7.32060303e+02
    -1.29134070e+03 -4.11345062e+02 -1.46004913e+02 7.42702103e+01
    -1.53568726e+02 -9.13136780e+02 -8.15203857e+02 -7.50082397e+01
    -3.72618561e+02 4.06505203e+01 -3.43022064e+02 1.33335840e+03
    -3.77526665e+01 -6.33901428e+02 -6.38671448e+02 3.83863708e+02
    -5.89780701e+02 3.79346497e+02 -1.24199231e+03 -1.02977247e+01
    -8.85232117e+02 -2.17820312e+02 -2.28751663e+02 -1.89034103e+02
    5.63618164e+02 -9.22247238e+01 6.82110107e+02 7.15847135e-01
    2.01228516e+02 -2.60669525e+02 -2.61753616e+01 -2.38943756e+02
    -1.06228424e+02 1.44561172e+02 1.07130669e+02 6.17565773e-02
    8.93001480e+01 2.63291626e+01 8.58272362e+00 3.66685205e+03
    1.48024979e+02 2.15982544e+03 1.44484509e+03 -1.07938879e+03
    -8.33041626e+02 3.44087036e+02 -1.06509387e+03 1.03612061e+03
    4.99371185e+01 4.23589844e+02 9.85036072e+02 1.86157867e+02
    -3.83950104e+02 1.61254150e+03 2.62514069e+02 7.04270264e+02
    2.76757141e+02 2.21552139e+02 9.98913422e+01 3.18016052e+02
    -4.74970428e+02 -4.06153839e+02 3.84617737e+02 2.19295197e+02
    6.99405060e+01 -2.97320801e+02 -5.82562012e+02 4.84653961e+02
    -3.80559273e+01 -1.19920947e+03 -7.79353333e+02 9.49493332e+01
    -7.70467834e+01 7.50348633e+02 -4.66032066e+01 -5.39051147e+02
    -2.49317780e+02 6.82837646e+02 6.92901993e+01 1.13601494e+02
    1.06733116e+02 8.02489624e+01 4.49916565e+02 8.70234604e+01
    -1.54206070e+02 1.79975616e+02 -3.26026215e+02 5.88297424e+01
    -3.31917578e+03 1.97261902e+03 3.09201147e+03 5.28838013e+02
    -3.33647675e+02 -3.49984436e+02 2.90154236e+02 1.03973352e+03
    -1.41720871e+02 -7.18186462e+02 1.23899915e+03 5.36437195e+02
    6.95810608e+02 6.66327057e+01 -1.04443787e+03 4.11241791e+02
    5.14693909e+02 7.74340027e+02 -2.22134811e+02 -6.49591858e+02
    -5.33732361e+02 6.50242249e+02 6.99165527e+02 1.58202075e+03
    -2.81730957e+02 -3.23729401e+02 2.09806229e+02 5.17306519e+02
    5.88865540e+02 -2.74107971e+02 -2.21509033e+02 4.79469208e+02
    -6.28720764e+02 -3.42117889e+02 -3.10296448e+02 2.35231628e+01
    1.46262344e+02 -2.31694260e+02 6.17504883e+02 -2.13384430e+02
    3.98297333e+02 -5.29201889e+01 3.29057831e+02 -2.25437851e+02
    2.49710022e+02 -7.85317764e+01 -8.51040268e+01 -1.56332684e+00
    1.26285973e+01 -4.01153174e+03 -2.76542676e+03 1.00953467e+03
    -6.71723450e+02 1.81623917e+02 7.28412842e+02 1.33468677e+03
    -1.53150192e+02 3.47115234e+02 -7.61650879e+02 -1.59399063e+02
    1.64446411e+02 -3.21355286e+02 -1.89216614e+02 9.88292465e+01
    -1.17634758e+02 7.50894547e+01 2.61311646e+02 -7.67595032e+02
    -4.16787506e+02 -3.66507782e+02 -4.65481339e+01 -8.43944946e+02
    -3.90720123e+02 -4.91971832e+02 -4.87925537e+02 6.44865799e+01
    -2.23177628e+02 -4.90877777e+02 1.64721546e+01 2.71031647e+02
    -3.37173492e+02 9.31130826e-01 1.03580696e+02 2.90199127e+02
